( 23, 23, 2)
( 24, 24, 2)
( 25, 25, 2)
( 26, 26, 2)
( 23, 15, 4)
( 23, 16, 4)
( 23, 17, 4)
( 23, 18, 4)
( 23, 19, 4)
( 23, 20, 4)
( 23, 21, 2)
( 23, 22, 2)
( 24, 12, 2)
( 24, 11, 2)
( 24, 13, 2)
( 24, 14, 3)
( 24, 10, 2)
( 24, 9, 2)
( 24, 8, 2)
( 24, 7, 1)
( 24, 6, 1)
( 24, 5, 1)
( 24, 4, 1)
( 23, 3, 1)
( 22, 2, 1)
( 21, 2, 1)
( 20, 2, 1)
( 19, 2, 1)
( 18, 2, 1)
( 17, 2, 1)
( 16, 2, 1)
( 15, 2, 1)
( 14, 2, 1)
( 13, 1, 0)
( 12, 1, 0)
( 11, 1, 0)
( 10, 1, 0)
( 9, 1, 0)
( 8, 1, 0)
( 7, 1, 0)
( 6, 1, 0)
( 5, 1, 0)
( 4, 1, 0)